VECTOR EMBEDDINGS (FULL 384 DIMENSIONS)
================================================================================

Total vectors: 2
Dimensions per vector: 384
Showing first 5 vectors with all 384 dimensions:

VECTOR 1 (All 384 dimensions):
[ 0.066491 0.006599 -0.031960 -0.007597 -0.028415 -0.014526 0.039004 -0.004120 0.008040 0.022509 -0.037392 -0.045579 0.100107 -0.041666 0.038105 0.015105 0.008894 -0.031193 -0.053473 0.030680 0.019468 0.024235 -0.012676 0.023329 -0.057816 -0.026241 0.027683 -0.041861 0.032266 -0.038428 -0.050238 0.042476 0.000961 0.043525 -0.034283 -0.011974 0.018019 -0.009058 -0.026773 0.062405 -0.072424 -0.011497 -0.054224 0.015616 0.005597 -0.008584 -0.053844 0.028530 -0.076643 -0.027872 -0.004419 0.005867 0.024570 0.151805 0.069335 -0.057201 -0.119751 -0.004183 0.026238 0.082945 -0.061424 0.018285 -0.041671 0.000117 0.087202 0.032882 -0.041606 0.044668 0.012594 0.077885 -0.056599 -0.025917 -0.011748 0.005404 0.052778 0.003917 0.019852 0.024842 -0.003155 -0.017729 -0.023148 0.045968 -0.037028 -0.099979 -0.021357 0.005970 -0.098102 0.057674 0.017610 0.001516 -0.041588 0.052237 0.000989 0.036185 0.031339 -0.025165 0.038321 -0.066201 0.074899 -0.002764 0.062493 -0.060309 -0.035283 -0.057968 -0.053959 -0.004877 0.000657 -0.006754 -0.003621 0.014278 -0.008630 -0.052204 -0.059500 -0.061399 -0.111404 0.111539 -0.060269 0.026550 0.041435 -0.003381 -0.089173 -0.131817 0.032771 -0.071032 0.052399 -0.079773 -0.018786 0.000000 -0.053247 -0.030044 -0.140381 0.010385 0.049830 -0.005517 -0.007123 -0.054158 -0.072749 -0.057099 0.058949 0.073307 -0.041645 -0.053990 0.068146 0.027437 -0.041835 0.011489 -0.010947 0.044018 0.088225 0.042501 -0.052780 0.072451 0.062076 0.067297 -0.032886 -0.039675 0.021416 0.025019 -0.005178 0.071131 -0.009921 0.046711 0.010694 0.066748 -0.005442 0.007836 -0.061325 -0.081995 -0.082340 -0.056938 -0.071233 -0.001407 0.060211 -0.121639 -0.035585 0.006096 -0.027224 0.047335 -0.017256 0.031609 0.003988 -0.022033 0.093050 -0.059047 -0.055730 0.021727 0.005955 0.193248 -0.021411 -0.019605 0.019388 -0.044980 0.030139 0.026006 -0.092602 -0.018623 0.102234 -0.002638 -0.035553 0.071285 0.028859 0.010631 -0.055467 0.003706 0.011392 0.029754 -0.004305 0.080597 -0.129916 0.008873 0.016681 0.059987 -0.042740 0.015519 -0.006911 0.022982 -0.052962 -0.008251 -0.006295 0.037438 0.053302 0.017520 0.038177 -0.000000 0.011651 0.073473 0.006983 0.012562 -0.025561 -0.091545 -0.035819 -0.064832 0.008153 -0.046907 -0.054050 -0.010768 0.000843 -0.007582 -0.024428 -0.083902 0.046381 -0.042021 -0.043827 0.067016 0.016949 0.072363 -0.026283 -0.014901 -0.003483 0.046101 0.036861 -0.018718 0.056359 0.019059 -0.056053 -0.095241 0.074554 0.025135 0.115816 -0.057096 0.075011 0.059311 -0.032191 -0.029211 0.100243 0.001547 -0.027556 0.001182 0.022708 0.022270 -0.040132 0.068671 -0.046787 -0.008939 0.098665 -0.105478 0.004610 -0.034033 0.025620 0.075062 0.074190 0.034458 0.039268 0.012346 0.078198 -0.083021 0.021529 0.101070 0.021932 -0.038301 -0.084975 -0.046771 -0.017025 0.047469 -0.017529 0.053906 -0.032584 -0.041312 0.067149 0.010885 -0.048100 -0.022656 -0.076818 0.080011 -0.107463 0.134801 0.005032 0.055635 -0.018329 0.122666 0.043635 -0.021258 -0.000363 -0.063696 -0.046350 0.056023 -0.003531 0.062866 -0.086346 -0.000000 -0.034739 -0.087749 -0.055989 -0.067019 0.026865 0.028110 -0.042497 -0.044939 0.061560 0.039789 0.010782 0.066895 -0.061024 -0.033269 0.026651 -0.021628 -0.046737 -0.072496 -0.024976 -0.032419 -0.019615 -0.072183 0.063156 0.099750 0.001550 0.059560 -0.025294 0.027025 0.008063 -0.039565 -0.022206 -0.035885 0.026710 0.040981 -0.008229 0.007035 -0.005369 0.000159 0.005098 0.077298 0.002696 -0.068725 0.019906 0.063303 0.043168 0.014633 -0.013882 0.013038 0.011333 -0.018206 -0.057609 -0.013923 -0.024996 -0.020762 -0.036446 0.060405 0.008761 -0.060333 0.094511 0.003326 0.000858 0.048869 -0.007410 0.040916 ]

VECTOR 2 (All 384 dimensions):
[ 0.033066 0.007479 -0.046319 0.011718 -0.004858 -0.059596 0.052958 0.010012 0.050347 0.000410 0.024245 -0.040806 0.053354 -0.069717 0.012824 -0.023506 0.043071 -0.040963 -0.001218 0.002586 -0.004770 0.041511 -0.003306 0.007248 -0.055808 -0.029045 0.078269 -0.061758 -0.001342 -0.023432 -0.051104 0.054559 -0.000988 0.015039 -0.053599 0.013679 -0.025194 -0.025789 -0.014249 0.044740 -0.021209 -0.049192 -0.070584 -0.021170 -0.018698 -0.041890 0.000443 0.014927 -0.073465 0.053644 -0.072116 0.038351 -0.005000 0.136066 0.085625 -0.018758 -0.051675 0.041796 0.025286 0.028208 -0.008163 -0.004002 -0.011920 -0.007272 0.082571 -0.000695 0.054308 0.070329 0.121565 0.070421 -0.054421 0.063142 -0.045773 0.012156 -0.012218 -0.000644 0.038412 -0.020780 -0.008263 0.023135 -0.030678 -0.010181 -0.032056 -0.080192 0.013038 0.032205 -0.016386 0.111214 -0.021383 -0.081556 0.024481 0.076313 -0.054122 0.044115 -0.037044 -0.042557 0.024836 -0.029967 0.071632 0.001011 0.043730 -0.045440 -0.007730 0.009062 -0.047163 -0.027509 -0.020492 -0.003255 0.018779 0.045721 0.014275 -0.036632 -0.059926 0.011512 -0.045040 0.121753 -0.047390 0.054458 0.044258 -0.003480 -0.049011 -0.134155 0.023522 -0.056442 0.028725 -0.013258 0.057297 0.000000 -0.064766 -0.065489 -0.099788 -0.001671 -0.034752 -0.032258 0.039482 0.064436 -0.044908 -0.025521 -0.009775 0.090097 -0.031664 -0.024518 0.001817 -0.031146 -0.030572 -0.058374 -0.000892 -0.066052 0.093670 0.063484 -0.028829 -0.011719 0.110216 0.032552 -0.015109 -0.024271 -0.047713 0.047492 0.010097 0.088797 -0.029751 0.028008 0.047973 0.007213 -0.037933 0.045163 -0.062857 -0.102422 -0.016848 -0.002960 0.031379 -0.018329 0.036584 -0.165289 -0.040020 0.031860 0.020830 0.115968 0.068539 0.043927 -0.006595 0.037222 -0.021644 -0.062000 -0.034044 -0.011653 0.005452 0.142757 -0.024249 -0.063097 -0.008206 -0.001612 0.077966 0.121184 -0.072050 -0.000201 0.036285 0.003409 0.025110 0.049246 0.047547 -0.048005 -0.054512 -0.063327 -0.015304 0.035801 -0.051071 0.066391 -0.053977 0.024886 -0.057555 0.000707 -0.044095 -0.003337 0.020429 0.005356 -0.090917 0.017962 0.022024 0.071085 0.077951 0.064106 0.009943 -0.000000 0.017659 0.040894 0.036483 0.090083 -0.016246 -0.063683 0.016465 -0.034391 -0.043793 -0.106839 -0.044667 0.034677 -0.057857 0.040444 0.040077 -0.084973 0.013078 0.019418 -0.060277 0.025296 0.056539 0.018914 -0.078108 -0.065443 0.011446 0.010591 0.017831 0.053679 -0.018389 -0.071981 -0.003513 0.018181 0.031481 -0.035381 0.060581 -0.054750 0.067593 0.069673 0.028110 0.053374 0.115323 0.060279 -0.039887 0.000617 0.046960 0.053996 0.007424 0.037745 -0.039668 0.027850 0.090849 -0.033375 -0.050400 -0.021859 0.091524 0.101448 -0.035352 0.044756 -0.040277 -0.031344 0.077487 -0.095345 0.020673 0.031596 0.068717 -0.018723 -0.024475 -0.015747 -0.006184 0.040384 -0.009132 0.111445 -0.042526 -0.058509 0.007136 -0.060188 -0.080397 -0.016597 -0.028025 0.015614 -0.083734 0.060599 -0.024164 0.006596 -0.048996 0.130015 0.020482 -0.095357 0.023716 0.011521 -0.052208 0.077279 0.013877 0.003921 -0.084353 -0.000000 -0.002508 -0.048523 -0.051783 -0.000820 0.078901 0.036871 -0.053798 -0.081184 0.034739 -0.046669 0.068799 0.013491 -0.015257 -0.047445 -0.010537 -0.026026 -0.020041 -0.165154 -0.050127 -0.012182 -0.007179 -0.017748 0.046835 0.103918 -0.039983 0.047314 0.052712 0.059284 -0.002050 -0.071310 -0.083545 -0.053984 0.041510 0.038647 -0.006270 0.029340 0.062307 -0.017809 0.019022 0.026152 0.022192 -0.111854 0.015328 0.003743 0.057304 -0.029452 0.021434 0.012821 -0.020069 -0.009611 -0.082100 -0.024229 -0.098797 -0.005306 0.044156 -0.047108 -0.023124 -0.009960 0.072233 0.038548 0.043772 0.016599 -0.092217 0.000799 ]

