VECTOR EMBEDDINGS (FULL 384 DIMENSIONS)
================================================================================

Total vectors: 2
Dimensions per vector: 384
Showing first 5 vectors with all 384 dimensions:

VECTOR 1 (All 384 dimensions):
[ -0.010142 0.043420 -0.037615 0.025068 -0.000961 -0.085164 0.054694 0.025134 0.057947 0.028865 -0.014882 -0.017285 0.106258 -0.012709 0.045169 0.052595 0.034062 0.008643 -0.096788 0.056528 0.056425 0.010472 0.045886 -0.034924 0.108420 -0.049561 0.022412 0.040839 -0.026268 0.011364 -0.001839 0.004777 0.049074 0.002701 -0.071321 0.032694 0.076390 -0.024014 0.004275 0.079070 -0.126397 -0.090076 0.045632 0.073791 -0.101701 -0.047924 -0.003786 0.015184 -0.096603 -0.012227 0.022293 0.002661 -0.082655 0.139694 0.033646 0.032629 -0.022229 0.085952 -0.049571 0.058162 -0.020469 -0.052293 -0.067663 -0.076243 0.010013 -0.039439 0.009837 0.055776 -0.043577 0.017503 -0.012505 -0.127619 0.007854 -0.028111 -0.034155 -0.004481 0.047316 0.029737 0.031425 0.085261 -0.054779 0.043387 -0.072268 -0.035204 0.108654 0.035106 0.004847 -0.021136 -0.054302 -0.046269 -0.045649 0.009226 -0.088129 0.114259 0.039702 -0.025530 -0.011457 -0.045178 -0.013991 0.006805 0.023297 0.018522 -0.064090 -0.014220 -0.059293 -0.106891 -0.053736 0.108076 -0.009730 0.000157 0.000822 0.025971 -0.107573 0.050122 0.033588 0.029755 0.046741 0.088536 0.027666 0.028857 -0.005745 -0.000035 0.001508 -0.004059 -0.002979 -0.007708 0.070107 0.000000 -0.071385 0.053426 0.018239 0.029637 0.048212 0.044538 -0.077116 0.077019 0.085761 0.058395 -0.049822 0.151838 0.049150 0.072354 0.086675 -0.047902 -0.043249 -0.019866 0.015666 -0.032686 0.052217 0.006311 0.055859 -0.019731 0.069908 -0.054163 -0.013214 0.008190 -0.044776 0.033343 -0.030265 -0.051964 -0.018628 -0.071362 -0.037796 -0.002542 0.016273 -0.030771 0.003556 -0.001844 -0.019142 -0.021621 0.032755 0.022795 -0.003818 -0.036957 0.031028 -0.056427 -0.065535 -0.025253 -0.009684 -0.065553 -0.035390 0.064558 0.110243 0.032226 -0.023345 0.021329 0.007442 0.015602 -0.072674 -0.067209 0.083361 -0.019399 0.012990 -0.014549 -0.010002 0.011558 -0.038490 -0.007703 0.039317 -0.004228 0.060680 -0.075825 0.062857 0.025028 -0.036093 0.028110 -0.053832 0.046527 -0.063253 0.056386 -0.045063 -0.066057 0.004317 -0.034851 -0.003621 -0.044260 -0.045873 -0.016971 0.015207 0.091078 -0.010446 -0.047532 -0.018207 -0.000000 -0.038439 0.059648 -0.055201 -0.028149 0.024909 -0.035054 -0.008377 -0.067276 -0.032476 -0.020650 -0.042678 -0.075053 -0.087415 -0.042903 -0.087340 0.008907 0.037540 -0.033350 -0.022668 -0.010213 0.066341 0.079742 -0.019655 -0.050587 0.006074 -0.070045 -0.026805 -0.040521 0.067259 0.007351 -0.047920 -0.031604 -0.003325 -0.033773 0.039627 0.017527 0.062997 0.032372 0.043103 0.043498 0.086523 0.053609 0.064826 -0.014764 -0.001374 -0.045994 -0.075736 -0.014250 -0.062831 -0.002316 0.184214 -0.071269 -0.006325 -0.015533 -0.028749 -0.020221 0.025578 0.002596 -0.016693 0.063900 0.009707 -0.051412 0.011376 0.118722 -0.077858 0.049461 -0.023032 0.008673 0.065693 0.005496 -0.037064 0.001917 -0.002768 -0.035136 -0.004704 0.014697 -0.007402 0.011716 -0.062131 0.004930 -0.007671 0.087477 -0.032091 -0.123425 -0.030034 -0.002355 0.012406 -0.028230 -0.069031 -0.079845 -0.010238 -0.007120 -0.048038 0.042119 -0.040832 -0.000000 -0.058193 -0.054342 0.058962 -0.086666 0.029228 0.002703 -0.009578 -0.014151 0.062210 0.008228 0.042882 0.025585 -0.007596 0.094044 0.051003 0.007977 0.028081 -0.092736 0.043085 -0.019254 0.028086 0.007437 -0.032410 0.061571 0.101367 0.066715 0.041927 0.089534 0.030707 0.013031 0.002912 0.009867 -0.017901 0.050151 -0.136431 -0.040208 0.020759 -0.058035 -0.055552 0.105565 0.006775 -0.084154 0.013037 -0.006478 -0.018994 -0.003888 0.006845 0.048342 -0.065838 0.024232 0.028605 -0.002813 0.032176 -0.142181 -0.040606 0.038333 -0.031830 -0.044732 -0.018475 -0.009950 -0.029083 0.070345 -0.051839 0.012307 ]

VECTOR 2 (All 384 dimensions):
[ -0.045552 0.078236 -0.102596 -0.004069 -0.019745 -0.051772 0.011256 0.019543 -0.021406 0.045836 -0.001676 -0.071768 0.113279 -0.019587 0.027208 0.120958 -0.038841 0.115689 -0.081066 0.061477 0.079860 -0.044294 -0.004641 0.007191 0.120422 -0.059985 -0.079530 0.017599 0.052377 0.013418 -0.012236 0.046966 0.034706 -0.013860 -0.064142 -0.052374 0.005552 0.041539 0.005052 0.064996 -0.072838 -0.056645 0.058663 -0.004330 -0.096680 -0.058173 -0.054472 0.009007 0.024828 -0.015887 0.040012 -0.029668 -0.052604 0.075559 0.031930 0.011935 0.037984 0.084360 -0.069518 0.027720 -0.029739 -0.059806 -0.050709 -0.092259 0.039592 0.003156 -0.029049 0.011313 -0.061765 0.042601 0.035084 -0.158242 -0.018576 -0.145450 -0.046889 -0.059500 0.066247 0.005279 -0.000496 0.059360 -0.024806 0.021340 -0.039397 -0.104040 0.061860 -0.008599 0.056703 -0.038296 0.026089 0.011124 -0.059377 0.069232 -0.020207 0.024257 0.101172 0.026475 -0.007750 0.002947 0.036548 -0.012252 0.037718 0.107204 0.000670 -0.074006 0.012878 -0.046001 -0.035105 0.059922 -0.037333 -0.042643 0.058470 0.041120 -0.046704 -0.007753 0.043960 0.032213 0.016144 -0.011596 0.003774 -0.015435 -0.032764 -0.051477 0.000865 0.012088 -0.031960 0.012902 -0.032476 0.000000 -0.114389 -0.017033 -0.000301 -0.027851 -0.005981 0.004103 -0.115049 0.031317 0.034511 0.057368 0.010948 0.013053 0.039631 0.067550 0.060602 -0.030814 0.009789 0.019578 0.063976 -0.030400 0.042644 0.071830 0.035592 0.003467 0.071467 -0.010800 0.015875 0.042967 -0.067516 0.003007 0.075442 -0.013754 -0.093956 -0.126797 -0.083956 0.024056 0.082394 0.024701 0.063317 0.058891 -0.104836 -0.009513 0.013002 -0.052183 -0.054269 0.034135 0.001033 -0.047787 -0.016492 -0.030447 -0.039828 -0.019451 -0.036243 0.033954 0.085836 0.049657 0.018766 0.040811 0.097563 0.060625 -0.080607 -0.084462 0.056951 -0.023761 -0.023724 0.043072 0.019393 -0.019977 0.030052 -0.043231 -0.013286 -0.044652 0.028474 -0.074461 0.149445 -0.011660 0.044358 -0.041700 -0.053587 -0.002182 -0.015201 0.124338 0.006415 -0.039650 -0.029689 -0.043633 0.001809 -0.037280 -0.049453 -0.033475 -0.021524 -0.013922 0.031054 -0.036697 -0.089553 -0.000000 -0.014639 0.040327 -0.055052 -0.009504 0.045440 0.023617 0.025843 -0.081304 -0.019871 -0.013648 -0.010503 -0.029283 -0.107071 -0.062483 -0.035648 0.057487 -0.011108 -0.032226 -0.042591 0.049064 0.126714 0.095975 -0.012677 -0.037367 -0.015178 -0.045939 -0.117484 -0.062346 0.047503 -0.021743 -0.066406 -0.046923 0.002382 0.019755 -0.067825 -0.042043 -0.019515 0.015529 0.055576 0.035495 -0.009196 0.018289 -0.005600 -0.005370 -0.030990 0.036404 -0.014702 -0.062767 -0.004465 0.008326 0.157947 -0.061995 -0.030568 0.021045 0.013760 -0.080408 0.070833 0.029438 -0.019963 0.017904 -0.067406 -0.036841 0.031841 0.047308 -0.092283 0.112883 -0.039245 -0.009346 0.029819 -0.042570 -0.076620 0.053579 0.031943 -0.005309 -0.007650 0.019932 -0.027818 -0.010834 0.024564 0.003127 -0.042752 0.008163 0.009535 -0.086685 -0.071354 -0.034292 -0.002160 -0.043513 0.041033 -0.054955 -0.038761 0.028822 -0.015832 0.002660 0.007742 -0.000000 -0.019213 -0.065286 0.040110 -0.004732 0.068344 -0.034868 -0.015335 0.059856 0.019325 0.016963 0.081950 -0.052062 0.009534 0.038599 -0.009726 -0.049109 0.069918 0.002869 0.011374 -0.047165 -0.052111 0.094258 0.012959 0.014478 0.054099 0.066983 -0.036165 0.021338 0.010751 0.012794 0.040543 0.045580 -0.020295 0.042101 -0.035141 0.035645 0.004260 0.016453 0.027113 0.053754 -0.028070 -0.135842 0.068425 0.010764 -0.065185 0.009129 -0.010124 0.009111 -0.013543 -0.023163 0.099417 0.017744 0.036303 -0.038976 -0.009520 -0.004746 -0.112277 -0.025761 -0.033440 0.026598 -0.001119 0.003046 -0.019988 -0.036123 ]

